20
1000000 1000000
123321 555555 777777 333333 10000001
123321 777777 555555 333333 10000001
5 5
2 5 2 5 7
2 9 3 2 7
999999 1000000
0 577 587 593 7
5 587 577 593 7
446 631
3 1 0 26 101
21 0 1 75 101
1000000 1000000
1 1 0 1 1000000
1999999 0 1 1999999 1000000
1000 1000
2 13 23 23 49
4 23 13 23 49
76834 68398
10 6 0 17322 101
10 0 5 13265 101
14 18
3 5 0 94632 11
3 0 2 7710 11
1000000 1000000
999999 123321 321123 725725 10000001
999999 321123 123321 725725 10000001
999983 999983
0 1 0 931463 999983
931462 0 1 931463 999984
40831 23625
4319 1 0 6660 10001
9744 0 1 3341 10001
31 45
2 3 0 77258 11
10 0 4 75660 11
999983 999983
0 1 0 775607 999983
775606 0 1 775607 999984
12 11
2 5 2 5 7
2 9 3 2 7
202 719
9 1 0 25 101
82 0 1 76 101
34217 65875
49 3 0 28687 101
49 0 2 10186 101
999983 999983
860010 1 0 860011 999983
860010 0 1 860011 999984
1000000 1000000
1 1 0 1 1000000
1 0 1 1 1000000
53687 46722
96 2 0 91814 101
96 0 2 83883 101
8 6
0 0 1 3 5
0 1 0 4 5
