20
20 1
49 49 49 49 49 49 49 49 49 49 49 49 49 49 49 49 49 49 49 49
20 1
49 49 49 49 49 49 49 49 49 49 49 49 49 49 49 49 49 49 49 49
20 1
49 49 49 49 49 49 49 49 49 49 49 49 49 49 49 49 49 49 49 49
20 1
49 49 49 49 49 49 49 49 49 49 49 49 49 49 49 49 49 49 49 49
20 1
49 49 49 49 49 49 49 49 49 49 49 49 49 49 49 49 49 49 49 49
20 1
49 49 49 49 49 49 49 49 49 49 49 49 49 49 49 49 49 49 49 49
20 1
49 49 49 49 49 49 49 49 49 49 49 49 49 49 49 49 49 49 49 49
20 1
49 49 49 49 49 49 49 49 49 49 49 49 49 49 49 49 49 49 49 49
20 1
49 49 49 49 49 49 49 49 49 49 49 49 49 49 49 49 49 49 49 49
20 1
49 49 49 49 49 49 49 49 49 49 49 49 49 49 49 49 49 49 49 49
20 1
49 49 49 49 49 49 49 49 49 49 49 49 49 49 49 49 49 49 49 49
20 1
49 49 49 49 49 49 49 49 49 49 49 49 49 49 49 49 49 49 49 49
20 1
49 49 49 49 49 49 49 49 49 49 49 49 49 49 49 49 49 49 49 49
20 1
49 49 49 49 49 49 49 49 49 49 49 49 49 49 49 49 49 49 49 49
20 1
49 49 49 49 49 49 49 49 49 49 49 49 49 49 49 49 49 49 49 49
20 1
49 49 49 49 49 49 49 49 49 49 49 49 49 49 49 49 49 49 49 49
20 1
49 49 49 49 49 49 49 49 49 49 49 49 49 49 49 49 49 49 49 49
20 1
49 49 49 49 49 49 49 49 49 49 49 49 49 49 49 49 49 49 49 49
20 1
49 49 49 49 49 49 49 49 49 49 49 49 49 49 49 49 49 49 49 49
20 1
49 49 49 49 49 49 49 49 49 49 49 49 49 49 49 49 49 49 49 49
