20
18 8
31 25 31 50 12 9 19 23 14 19 15 23 19 43 46 2 17 1 
18 10
36 0 0 8 36 20 49 2 42 4 34 29 30 29 1 23 45 7 
20 1
1 1 1 1 1 1 1 1 1 1 1 1 1 1 1 1 1 1 1 1
19 3
43 38 44 43 4 16 1 3 43 37 46 8 45 4 48 19 0 9 4 
19 3
3 22 50 41 34 10 33 49 43 35 17 23 10 27 30 23 6 17 7 
19 12
3 29 25 5 48 36 3 15 1 10 5 31 9 36 40 9 2 19 32 
20 1
50 50 50 50 50 50 50 50 50 50 50 50 50 50 50 50 50 50 50 50 
18 16
19 42 41 45 28 18 36 39 11 35 22 49 38 29 14 9 42 9 
10 11
1 2 3 4 5 6 7 8 9 10 
20 1
0 0 0 0 0 0 0 0 0 0 0 0 0 0 0 0 0 0 0 2 
19 19
23 39 19 25 43 8 35 49 21 38 15 25 21 14 21 23 39 27 34 
20 1
0 0 0 0 0 0 0 0 0 0 0 0 0 0 0 0 0 0 0 0 
19 5
4 13 23 37 5 37 34 10 21 7 22 4 32 18 7 36 44 10 36 
18 10
11 32 46 13 48 39 45 2 0 6 10 41 48 34 46 0 39 47 
20 14
13 13 19 13 50 14 22 12 40 40 1 22 18 29 49 29 26 6 3 2 
2 1
2 2
17 3
13 20 11 24 36 36 27 7 31 2 13 21 16 7 7 6 15 
19 8
1 41 37 15 44 19 50 25 12 39 37 35 20 21 11 43 42 13 29 
18 10
0 1 2 24 21 47 27 46 44 19 17 11 18 0 5 30 1 41 
20 5
23 50 37 34 14 11 48 33 21 17 49 33 25 38 30 45 34 35 1 20 
