20
85 0.705 0.704 0.874 0.098 0.324 0.252 0.534
1 0.800 0.100 0.500 0.500 0.500 0.500 0.500
62 0.719 0.156 0.014 0.837 0.613 0.376 0.707
42 0.890 0.226 0.829 0.910 0.700 0.045 0.566
97 0.847 0.236 0.244 0.150 0.361 0.734 0.242
58 0.667 0.638 0.471 0.028 0.597 0.439 0.945
45 0.889 0.664 0.232 0.454 0.785 0.637 0.611
27 0.620 0.014 0.817 0.451 0.090 0.229 0.504
1 1.000 0.000 1.000 1.000 1.000 1.000 1.000
10 0.708 0.493 0.709 0.273 0.687 0.353 0.593
37 0.399 0.287 0.317 0.870 0.520 0.686 0.954
58 0.472 0.182 0.418 0.097 0.569 0.816 0.711
61 0.633 0.071 0.634 0.946 0.641 0.946 0.710
3 0.589 0.284 0.742 0.325 0.342 0.370 0.512
64 0.219 0.179 0.825 0.561 0.154 0.754 0.543
58 0.239 0.204 0.010 0.535 0.911 0.130 0.369
21 0.545 0.188 0.239 0.929 0.709 0.554 0.356
2 0.600 0.200 0.500 0.100 1.000 0.100 1.000
2 0.180 0.156 0.548 0.790 0.004 0.311 0.019
52 0.799 0.361 0.083 0.223 0.593 0.354 0.895
