50
2 10 60
139 0 0 85 86 1 1 86 1 85 86 0 1 86 86 85 1 85 0 1 1 86 86 1 0 1 1 86 86 0 1 0 1 1 1 1 85 0 86 1 0 1 0 0 1 1 0 0 0 85 85 0 85 86 85 86 0 86 0 85 86 0 0 85 1 0 1 1 1 86 1 85 85 86 0 86 85 85 86 1 0 85 85 85 0 0 85 85 85 86 1 0 86 86 85 85 85 86 1 86 85 0 86 85 85 0 0 1 86 86 85 1 86 1 86 86 86 1 0 1 0 85 1 86 86 1 1 1 0 86 0 1 85 86 86 85 1 85 85 85
113 0 0 0 0 0 0 0 0 0 0 0 0 0 0 0 0 0 0 0 0 0 0 0 0 0 0 0 0 0 0 0 0 0 0 0 0 0 0 0 0 0 0 0 0 0 0 0 0 0 0 0 0 0 0 0 0 0 0 0 0 0 0 67 0 0 0 0 0 0 0 0 0 0 0 0 0 0 0 0 0 0 0 0 0 0 0 0 0 0 0 0 0 0 0 0 0 0 0 0 0 0 0 0 0 0 0 0 0 0 0 0 0 0
122 0 0 0 0 0 0 0 0 0 0 0 0 0 0 0 0 0 0 0 0 0 0 0 0 0 0 0 0 0 0 0 0 0 0 0 0 0 0 0 0 0 0 0 0 0 0 0 0 0 0 0 0 0 0 0 0 0 0 0 0 0 0 0 0 0 0 0 0 0 0 0 0 0 0 0 0 0 0 0 0 0 0 0 0 0 0 0 0 0 0 0 0 0 0 0 0 0 0 0 61 0 0 0 0 0 0 0 0 0 0 0 0 0 0 0 0 0 0 0 0 0 0
128 0 0 0 0 0 0 0 0 0 0 0 0 0 0 0 0 0 0 0 0 0 0 0 0 0 0 0 0 0 0 0 0 0 0 0 0 0 0 0 0 0 0 0 0 0 0 0 0 0 0 0 0 0 0 0 0 0 0 0 0 57 0 0 0 0 0 0 0 0 0 0 0 0 0 0 0 0 0 0 0 0 0 0 0 0 0 0 0 0 0 0 0 0 0 0 0 0 0 0 0 0 0 0 0 0 0 0 0 0 0 0 0 0 0 0 0 0 0 0 0 0 0 0 0 0 0 0 0
164 41 49 49 50 40 50 50 44 36 42 35 48 40 47 47 43 41 47 48 48 49 47 49 46 35 41 43 38 40 46 48 41 44 44 41 43 45 48 43 48 35 48 49 50 38 39 49 44 40 50 46 35 50 47 49 43 45 38 45 43 40 35 36 42 39 43 46 44 38 43 39 42 36 40 46 36 35 44 37 40 35 42 47 43 45 43 44 47 49 39 36 36 42 38 41 42 37 47 50 39 38 46 50 43 40 50 46 39 35 40 48 44 47 44 45 42 41 45 49 38 37 38 50 43 49 42 42 41 45 37 49 45 44 47 36 49 40 38 42 48 46 45 45 38 50 50 39 44 46 50 36 36 44 50 40 48 43 49 100 38 48 39 36 49
172 50 50 49 49 49 50 49 50 50 49 49 50 50 49 50 50 49 49 49 50 49 49 50 50 50 50 49 50 50 50 49 49 49 50 49 50 50 50 49 50 49 49 50 49 50 49 49 50 49 49 49 49 49 49 50 50 50 49 50 49 50 50 50 50 49 50 50 50 49 49 50 49 49 49 50 50 50 49 50 50 50 50 50 50 49 50 50 49 49 49 49 50 50 49 50 49 50 50 50 49 49 49 50 50 49 49 50 49 50 49 50 50 49 50 50 50 50 49 49 50 50 50 50 50 50 50 50 49 50 50 50 50 100 49 50 49 50 50 49 49 50 50 49 50 49 50 49 49 49 49 49 49 50 50 50 50 50 49 49 49 50 50 49 50 49 49 50 49 50 49 49 49
57 87 38 48 29 86 0 10 49 91 65 1 2 47 94 48 92 39 71 79 68 42 20 45 61 23 58 69 39 9 29 96 20 18 97 15 23 20 70 70 19 98 92 66 51 52 75 56 85 88 8 51 27 49 81 5 87 18
139 0 79 1 79 79 0 79 0 78 78 79 79 1 1 79 78 0 0 0 79 79 78 1 1 1 1 78 78 1 78 79 79 1 79 0 1 78 78 1 79 1 78 1 79 0 78 1 1 0 79 79 1 1 78 1 1 1 0 79 0 78 78 0 1 0 78 78 78 0 1 0 0 0 78 79 0 1 1 0 0 0 1 78 79 78 1 79 79 78 78 79 0 1 79 79 1 78 78 78 1 78 0 1 1 79 1 0 0 0 78 79 1 79 79 1 0 78 78 79 0 1 79 78 78 0 79 1 79 1 0 79 78 1 78 78 79 79 1 0
111 49 49 49 49 50 49 50 50 49 49 50 49 49 50 50 49 49 49 49 49 50 49 50 50 49 50 50 49 49 50 49 50 50 49 50 49 50 50 50 49 49 49 50 50 50 50 50 50 49 50 49 49 49 49 50 50 49 50 50 49 50 50 50 50 49 49 50 50 50 50 49 50 50 50 50 49 50 50 49 50 50 50 50 49 50 49 49 49 49 100 50 50 50 50 49 49 49 50 50 50 50 49 49 50 50 50 50 50 49 50 49
105 50 50 50 50 50 50 50 50 50 50 50 50 50 50 50 100 50 50 50 50 50 50 50 50 50 50 50 50 50 50 50 50 50 50 50 50 50 50 50 50 50 50 50 50 50 50 50 50 50 50 50 50 50 50 50 50 50 50 50 50 50 50 50 50 50 50 50 50 50 50 50 50 50 50 50 50 50 50 50 50 50 50 50 50 50 50 50 50 50 50 50 50 50 50 50 50 50 50 50 50 50 50 50 50 50
167 0 0 0 0 0 0 0 0 0 0 0 0 0 0 0 0 0 0 0 0 0 0 0 0 0 0 0 0 0 0 0 0 0 0 0 0 0 0 0 0 0 0 0 0 0 0 68 0 0 0 0 0 0 0 0 0 0 0 0 0 0 0 0 0 0 0 0 0 0 0 0 0 0 0 0 0 0 0 0 0 0 0 0 0 0 0 0 0 0 0 0 0 0 0 0 0 0 0 0 0 0 0 0 0 0 0 0 0 0 0 0 0 0 0 0 0 0 0 0 0 0 0 0 0 0 0 0 0 0 0 0 0 0 0 0 0 0 0 0 0 0 0 0 0 0 0 0 0 0 0 0 0 0 0 0 0 0 0 0 0 0 0 0 0 0 0 0
165 0 0 0 0 0 0 0 0 0 0 0 0 0 0 0 0 0 0 0 0 0 0 0 0 0 0 0 0 0 0 0 0 0 0 0 0 0 0 0 0 0 0 0 0 0 0 0 0 0 0 0 0 0 0 0 0 0 0 0 0 0 0 0 0 0 0 0 0 0 0 0 0 0 0 0 0 0 0 0 0 0 0 0 0 0 0 0 0 0 0 0 0 0 0 0 0 0 0 0 0 0 0 0 0 0 0 0 0 0 0 0 0 0 0 0 0 0 0 0 0 0 0 0 0 0 0 0 0 0 0 0 0 0 0 0 0 0 0 0 0 0 0 0 0 0 0 0 0 0 0 0 68 0 0 0 0 0 0 0 0 0 0 0 0 0
3 44 73 25
164 44 55 59 65 45 47 36 53 49 64 51 66 40 62 68 40 53 53 54 57 37 40 64 36 69 60 50 60 67 45 39 62 69 66 47 54 57 59 35 41 38 54 43 50 37 68 64 55 40 68 68 61 44 63 55 62 56 56 54 55 57 45 35 57 55 58 55 48 55 60 56 69 40 35 37 62 45 38 57 60 67 36 52 38 58 51 54 61 67 58 48 60 70 40 68 51 60 36 59 43 58 39 37 50 45 54 53 52 37 53 51 36 42 46 64 60 47 43 46 43 45 39 37 64 60 60 56 45 69 35 40 70 52 41 47 56 64 66 38 56 44 68 56 45 59 68 61 64 54 50 40 55 47 56 36 61 40 55 44 38 42 48 41 63
4 42 15 26 88
2 6 44
169 92 99 71 58 95 86 99 55 58 99 87 69 56 54 100 76 99 73 96 75 63 51 56 82 51 63 97 72 74 67 92 91 72 92 73 87 59 50 83 89 75 70 89 62 63 95 100 94 87 61 76 55 69 52 69 99 90 77 87 85 59 99 55 80 77 74 86 75 87 90 56 75 85 90 89 74 57 51 60 87 97 88 86 94 64 86 55 99 63 86 80 60 68 96 80 98 90 77 67 55 74 72 85 63 89 66 92 71 71 94 70 79 53 55 66 55 59 96 74 61 98 90 88 59 55 86 54 100 89 89 87 93 79 76 65 52 90 75 50 51 97 71 75 100 52 90 99 97 80 54 90 80 84 77 77 51 59 97 84 81 100 72 79 65 96 100 81 97 100
200 100 100 100 100 100 100 100 100 100 100 100 100 100 100 100 100 100 100 100 100 100 100 100 100 100 100 100 100 100 100 100 100 100 100 100 100 100 100 100 100 100 100 100 100 100 100 100 100 100 100 100 100 100 100 100 100 100 100 100 100 100 100 100 100 100 100 100 100 100 100 100 100 100 100 100 100 100 100 100 100 100 100 100 100 100 100 100 100 100 100 100 100 100 100 100 100 100 100 100 100 100 100 100 100 100 100 100 100 100 100 100 100 100 100 100 100 100 100 100 100 100 100 100 100 100 100 100 100 100 100 100 100 100 100 100 100 100 100 100 100 100 100 100 100 100 100 100 100 100 100 100 100 100 100 100 100 100 100 100 100 100 100 100 100 100 100 100 100 100 100 100 100 100 100 100 100 100 100 100 100 100 100 100 100 100 100 100 100 100 100 100 100 100 100 100 100 100 100 100 100
109 55 55 55 55 55 55 55 55 55 55 55 55 55 55 55 55 55 55 55 55 55 55 55 55 55 55 55 55 55 55 55 55 55 55 55 55 55 55 55 55 55 55 55 55 55 55 55 55 55 55 55 55 55 55 55 55 55 55 55 55 55 55 55 55 55 55 55 55 55 55 55 55 55 55 55 55 55 55 55 55 55 55 55 55 55 55 55 55 55 55 55 55 55 55 55 55 55 55 55 55 55 55 55 55 55 55 55 55 55
2 65 99
90 41 47 98 36 80 68 10 9 91 35 17 78 95 60 61 30 39 97 35 41 91 61 17 80 52 74 13 72 33 82 45 72 16 60 61 11 79 37 52 6 17 51 7 9 79 99 73 12 73 95 40 52 81 35 41 92 0 25 4 34 82 72 96 52 64 47 74 16 29 22 56 21 93 81 80 12 41 50 60 43 26 96 98 34 84 33 52 47 38 38
136 23 53 5 44 75 90 85 37 14 29 85 63 80 97 97 90 86 41 98 66 69 56 91 72 83 89 68 30 48 89 84 86 1 63 15 2 65 17 99 80 16 36 69 76 57 78 62 7 43 22 89 40 69 59 55 62 88 41 15 0 99 97 12 95 66 42 8 34 48 33 85 36 58 74 43 80 61 33 59 17 34 57 87 68 55 57 24 35 63 33 73 4 86 40 25 21 21 39 79 90 0 37 90 69 60 1 52 72 35 82 92 36 36 57 82 93 53 60 67 69 31 66 54 80 4 32 75 24 97 25 3 71 50 7 92 25
180 46 41 46 44 49 42 50 46 47 45 49 44 44 43 46 45 50 48 43 50 50 47 49 44 49 44 41 41 44 41 43 43 41 49 46 43 49 46 42 46 46 50 100 49 41 50 48 41 48 50 44 49 41 43 47 50 49 44 42 41 47 40 40 50 41 49 40 49 41 47 43 41 41 43 44 49 43 49 42 48 49 44 44 49 48 44 42 45 43 41 41 42 49 42 40 46 49 44 41 46 49 48 45 47 43 46 47 50 42 40 41 40 48 40 43 47 41 42 45 45 45 49 50 40 40 46 50 43 47 49 43 40 42 46 43 48 45 49 50 41 46 43 49 50 47 44 42 47 42 40 47 43 42 47 42 47 49 50 47 47 44 44 40 42 46 47 42 41 48 47 44 48 41 42 45 48 50 40 47 46
116 59 63 85 63 74 39 23 57 12 53 58 49 55 64 83 75 10 0 7 79 35 50 76 100 36 49 94 23 44 84 53 70 43 42 62 83 76 58 17 81 59 68 10 24 18 20 44 87 73 58 10 47 15 51 13 81 49 94 41 23 33 38 1 82 29 41 15 41 79 27 10 1 21 44 37 81 77 8 3 38 74 44 63 36 80 36 43 38 96 96 93 88 91 94 0 27 65 7 51 20 17 8 82 57 23 39 66 43 58 23 42 25 23 3 70 31
164 50 48 43 39 50 41 47 44 48 45 42 40 50 48 49 47 46 44 43 38 47 43 44 49 47 50 39 44 38 39 39 50 38 43 49 48 42 46 47 44 44 44 47 40 46 48 39 41 46 41 48 43 100 42 45 40 40 47 44 38 38 45 38 42 43 50 39 47 38 38 41 38 49 43 49 40 48 46 40 47 39 38 40 40 45 49 40 39 46 49 49 38 44 43 43 50 38 45 45 44 40 50 50 43 50 44 49 42 49 49 46 48 42 49 50 44 43 39 45 43 40 47 46 41 46 46 47 39 40 41 38 48 45 47 48 45 49 43 46 40 50 44 46 42 38 43 39 41 40 43 43 39 45 39 41 43 44 44 46 45 42 49 45 43
172 0 0 0 0 0 0 0 0 0 0 0 0 0 0 0 0 0 0 0 0 0 0 0 0 0 0 0 0 0 0 0 0 0 0 0 0 0 0 0 0 54 0 0 0 0 0 0 0 0 0 0 0 0 0 0 0 0 0 0 0 0 0 0 0 0 0 0 0 0 0 0 0 0 0 0 0 0 0 0 0 0 0 0 0 0 0 0 0 0 0 0 0 0 0 0 0 0 0 0 0 0 0 0 0 0 0 0 0 0 0 0 0 0 0 0 0 0 0 0 0 0 0 0 0 0 0 0 0 0 0 0 0 0 0 0 0 0 0 0 0 0 0 0 0 0 0 0 0 0 0 0 0 0 0 0 0 0 0 0 0 0 0 0 0 0 0 0 0 0 0 0 0
2 89 16
189 42 39 43 47 45 41 47 47 47 39 45 47 43 42 39 39 49 40 46 49 43 45 46 42 42 41 44 45 41 40 40 40 44 49 43 46 48 43 43 42 46 48 46 46 39 46 50 39 46 43 48 50 47 46 39 43 47 47 48 43 39 49 45 43 47 44 47 40 49 44 42 48 40 48 42 49 42 39 49 48 39 48 48 40 45 49 43 46 40 42 49 46 47 42 40 43 42 44 45 40 42 43 42 39 45 48 43 47 41 42 46 47 48 44 49 49 49 43 44 48 49 46 50 39 100 46 50 46 50 48 48 48 50 50 41 39 48 40 41 40 43 50 43 39 40 45 47 39 48 39 44 43 47 46 48 48 44 50 46 41 42 43 48 46 50 42 42 41 44 47 48 42 49 41 42 49 40 48 44 46 48 49 40 44 42 47 49 50 43
108 80 65 90 88 78 88 53 52 91 51 77 90 70 65 68 58 58 82 50 52 53 77 76 75 77 73 53 49 55 89 72 76 75 85 88 62 94 52 84 87 87 47 67 47 69 91 81 89 57 81 56 85 71 88 49 68 93 80 80 82 53 56 86 73 64 69 64 83 81 62 73 51 54 71 57 73 80 72 59 75 55 73 86 90 75 81 92 57 72 79 81 89 86 91 94 89 51 94 61 90 55 73 78 58 88 86 79 81
2 74 74
179 65 89 75 58 56 92 79 81 97 93 73 59 59 76 70 91 57 52 58 55 56 84 72 67 94 84 72 95 95 76 66 80 93 95 57 57 96 63 94 84 83 79 63 97 96 83 71 92 59 95 69 90 78 67 70 59 76 87 77 95 49 95 56 62 62 91 64 68 78 61 54 55 55 55 83 63 95 60 69 52 84 70 53 54 72 58 96 93 88 83 80 69 51 49 95 86 52 67 61 54 50 74 85 64 96 72 95 80 56 57 94 80 49 94 66 87 78 94 66 53 75 93 85 85 86 92 54 59 58 61 54 57 87 80 89 98 64 94 85 63 92 82 98 85 65 55 51 78 59 75 74 88 87 90 71 58 67 50 98 49 54 53 91 77 54 58 59 91 49 81 61 79 86 53 96 57 92 49 76
5 92 3 74 63 18
2 32 85
2 46 28
172 49 44 45 50 47 48 48 47 44 50 45 49 45 48 44 43 48 46 49 45 45 49 45 46 50 49 50 46 43 46 49 50 43 49 46 47 43 49 47 48 49 49 44 43 47 43 43 44 44 44 46 44 48 44 50 46 44 45 47 50 50 47 47 44 49 50 46 43 46 49 48 50 47 47 45 47 45 49 48 44 46 49 48 43 45 47 47 46 46 44 45 49 46 49 43 45 49 46 43 47 50 46 50 46 45 46 44 44 100 43 47 48 48 45 47 46 46 46 50 50 47 47 47 50 43 44 48 48 47 50 43 47 45 49 44 50 45 47 45 45 43 49 48 43 48 50 49 49 50 44 50 49 46 49 43 47 46 44 47 47 50 45 50 44 44 43 49 45 50 50 47 46
161 94 0 1 93 0 0 0 1 94 1 93 1 1 94 1 1 93 93 93 94 0 0 93 93 94 0 94 94 1 94 93 94 93 0 1 0 94 94 1 93 93 1 93 93 93 1 1 0 94 1 93 1 93 93 94 93 93 1 0 94 93 93 0 1 0 93 1 94 0 0 1 0 93 94 0 93 1 93 0 94 1 93 1 0 1 93 1 94 1 1 93 0 94 93 0 93 1 94 93 93 1 0 1 94 0 0 93 0 0 1 1 94 1 93 94 93 1 1 94 0 93 94 0 93 0 1 1 94 1 0 93 93 1 93 94 1 93 94 93 0 94 0 94 0 94 93 0 1 1 93 1 1 1 94 1 1 93 93 93 1 94
103 55 80 82 61 69 47 59 60 50 58 80 45 46 72 66 55 73 69 66 83 67 56 74 58 73 62 58 66 72 84 72 70 68 64 59 69 57 46 69 48 61 78 70 77 83 51 45 56 60 72 44 61 83 46 67 72 60 82 59 44 56 60 66 69 58 62 42 81 51 59 49 50 53 52 74 45 65 60 76 70 73 52 57 44 53 83 74 82 83 46 47 52 64 77 43 61 57 67 59 72 78 76 66
2 27 57
162 43 94 7 64 20 50 75 5 53 49 3 72 82 13 67 48 92 5 64 85 88 25 14 34 87 79 49 73 37 27 72 37 53 65 95 59 47 80 48 73 3 38 86 44 22 20 33 14 42 62 12 97 91 7 62 99 13 28 79 82 37 15 94 3 66 47 74 38 81 47 24 94 51 81 12 45 75 91 52 61 92 87 41 93 10 68 74 40 94 55 95 21 40 9 36 65 13 79 42 17 85 8 56 3 81 8 6 59 27 1 10 28 6 84 69 9 42 78 41 16 51 100 59 11 52 53 62 64 2 63 10 87 78 64 48 30 71 65 84 81 69 38 41 89 45 95 70 17 79 32 15 12 59 88 62 4 59 93 24 51 12 64
180 72 29 20 37 79 48 17 37 86 41 25 49 27 11 28 40 4 29 61 18 46 26 27 80 31 7 34 96 69 58 90 42 92 71 64 45 40 54 68 66 21 16 54 25 82 43 0 7 83 89 52 80 62 89 48 93 98 71 23 8 35 15 75 91 13 16 86 56 30 89 20 14 36 29 49 63 36 98 57 49 6 4 40 0 66 99 24 96 46 78 33 7 42 86 19 59 20 29 81 37 37 71 89 11 59 8 84 26 24 98 76 92 97 59 70 79 56 98 22 70 95 30 78 92 90 54 40 55 81 15 40 62 87 50 62 99 72 99 63 25 86 62 91 38 49 73 75 6 80 13 66 90 72 39 13 48 9 82 45 76 24 65 96 41 44 75 82 38 7 32 19 89 57 64 24 30 18 100 96 62
145 0 0 0 0 0 0 0 0 0 0 0 0 0 0 0 0 0 0 0 0 0 0 0 0 0 0 0 0 0 0 0 0 0 0 0 0 0 0 0 0 0 0 0 0 0 0 0 0 0 0 0 0 0 0 0 0 0 0 0 0 0 0 0 0 0 0 0 0 0 0 0 0 0 0 0 0 0 0 0 0 0 0 0 0 0 0 0 0 0 0 0 0 0 71 0 0 0 0 0 0 0 0 0 0 0 0 0 0 0 0 0 0 0 0 0 0 0 0 0 0 0 0 0 0 0 0 0 0 0 0 0 0 0 0 0 0 0 0 0 0 0 0 0 0 0
153 0 0 0 0 0 0 0 0 0 0 0 0 0 0 0 0 0 0 0 0 0 0 0 0 0 0 0 0 0 0 0 0 0 0 0 0 0 0 0 0 0 0 0 0 0 0 0 0 0 0 0 0 0 0 0 0 0 0 0 0 0 0 0 0 0 0 0 0 0 0 0 0 0 0 0 0 0 0 59 0 0 0 0 0 0 0 0 0 0 0 0 0 0 0 0 0 0 0 0 0 0 0 0 0 0 0 0 0 0 0 0 0 0 0 0 0 0 0 0 0 0 0 0 0 0 0 0 0 0 0 0 0 0 0 0 0 0 0 0 0 0 0 0 0 0 0 0 0 0 0 0 0 0
2 2 1
153 40 46 48 72 49 49 78 69 58 43 51 43 63 54 42 61 48 46 43 50 69 47 51 58 76 48 58 54 48 61 48 70 67 46 51 80 69 62 46 71 72 53 73 77 56 70 70 55 80 53 58 61 49 79 52 69 58 49 63 57 57 79 62 55 64 57 45 46 51 66 60 60 48 56 73 46 40 66 57 72 76 56 54 75 45 46 78 76 58 56 61 49 44 54 80 66 77 73 46 80 71 79 78 67 44 77 40 43 48 40 77 53 54 72 68 66 59 50 40 55 73 47 43 72 76 42 41 66 61 60 54 66 74 65 74 62 65 72 69 52 80 46 77 59 46 46 44 51 56 48 64 62 61
125 85 1 85 1 85 85 86 1 86 1 85 1 1 85 1 86 85 1 86 86 1 1 85 1 86 86 85 0 85 1 1 85 0 86 85 85 85 0 1 85 86 0 86 85 0 0 85 86 85 86 1 86 86 85 1 1 0 86 0 1 1 86 1 85 85 85 1 0 0 0 86 0 1 86 1 0 0 85 1 86 85 1 85 0 0 0 0 86 85 0 85 86 86 1 86 86 0 1 0 85 85 1 1 1 0 1 86 1 85 85 0 0 86 85 85 85 0 1 0 0 0 1 86 1 85
2 7 40
2 0 100
2 70 33
162 12 95 70 87 14 78 27 92 32 12 90 59 38 72 79 39 5 58 53 70 80 98 17 84 46 92 2 97 4 5 23 45 89 22 11 0 64 15 79 45 66 26 91 99 12 97 7 0 26 8 33 51 74 58 100 45 48 25 26 23 8 56 44 53 29 92 65 76 68 57 61 33 97 84 1 4 67 91 44 39 77 5 58 76 65 1 99 59 92 94 17 81 9 67 68 14 1 1 34 25 58 26 96 27 100 53 82 56 13 85 30 24 4 81 7 31 50 38 34 7 20 93 49 94 90 37 94 12 75 61 23 23 53 0 58 14 44 3 1 83 57 55 90 57 4 84 89 44 85 72 96 40 53 24 71 86 30 100 52 1 56 10
