10
20 1 2 3 4 5 6 7 8 9 10 11 12 13 14 15 16 17 18 19 20
20 120 266 858 1243 1657 1771 2328 2490 2665 2894 3117 4210 4454 4943 5690 6170 7048 7125 9512 9600
20 58030 67487 16267 60236 71533 97584 77569 18755 97789 26324 82328 80787 47554 57674 15874 65519 33880 49230 40872 52617
20 1666 17439 1340 38770 858 2754 2604 1304 2522 1274 524 1124 3366 4834 1672 2194 2106 4668 3858 102
20 85270 50461 27855 14133 10169 71293 94141 82630 38761 38594 18981 39861 592 49661 49461 89370 1718 77410 27145 80216
20 41013 34619 76733 2105 26481 93912 18261 99992 69266 15985 78710 52755 47613 28344 13718 47699 52296 51068 16585 63052
20 452 1134 3824 980 3344 2301 1749 844 1150 2911 1916 1448 4934 3826 3458 48829 4596 3580 2629 3753
20 86163 81431 68891 38870 66174 16930 83589 67160 19800 73498 10469 65065 23200 18750 10744 27234 71751 41426 23316 53387
20 62254 29300 82619 95123 55218 65726 62156 43143 93200 79706 30304 68608 95137 15260 16364 21782 17599 90833 55900 65669
20 20142 86924 85596 57085 34958 78927 4974 30032 97512 49056 46042 72501 8266 14910 69527 44519 7059 69632 8807 83837
